	Sample1	Sample2	Sample3	Sample4
Gene1	0.244348072	1.120862665	0.069914972	-0.190925744
Gene2	-3.934853601	-12.03245771	-4.220775985	-4.67689254
Gene3	0.873438695	3.749083813	0.81359667	1.323087786
Gene4	-2.486716246	-6.478860023	-1.852429827	-3.727556086
Gene5	-3.596992618	-15.29514755	-3.88385901	-4.49508811
Gene6	-4.170481348	-14.10872626	-4.302881905	-7.076084422
Gene7	-3.602892932	-9.269947232	-2.478594374	-0.426061438
Gene8	-0.688143733	-2.855036858	-0.754289715	-0.941946384
Gene9	-0.156922035	0.035680393	-0.184396124	0.283412111
Gene10	0.861282954	2.527408094	0.671097129	-0.057165812
Gene11	0.767828834	2.290419413	0.581580978	1.928451686
Gene12	-2.045539254	-7.956154499	-2.260656156	-2.116725614
Gene13	-0.50113019	-1.767262664	-0.554366876	-1.256879941
Gene14	0.824628394	1.818568656	0.86193164	0.872021166
Gene15	0.094109331	0.394423208	0.10825848	-0.489550597
Gene16	1.32670444	4.480114012	1.249241769	1.975206921
Gene17	-1.593416572	-9.842725663	-4.249109561	-5.147929723
Gene18	0.766421104	2.062215331	1.338604481	-0.669263835
Gene19	-0.660956753	-3.840905129	-1.284990199	-1.506568447
Gene20	0.824447142	2.862716454	0.951556413	2.230944811
Gene21	1.920720342	6.334918744	1.945979215	2.632597166
Gene22	-0.811595331	-2.143148245	-0.505036336	-1.440285303
Gene23	1.860240812	5.887114879	2.011119526	2.086090786
Gene24	2.077141053	5.425287784	2.093677431	3.667176126
Gene25	1.791787029	5.955010657	1.720027191	2.403002775
Gene26	1.133618706	4.938120076	1.057819694	0.912093003
Gene27	-0.025724936	0.328522589	0.084526662	0.130020663
Gene28	-2.405318585	-10.3224886	-3.092276743	-3.324373233
Gene29	0.409389342	0.650504841	0.152661807	0.136036025
Gene30	-0.871760485	-2.398699441	-0.361827236	1.061389477
Gene31	2.492723828	6.033795957	1.765760943	0.801022291
Gene32	2.691637259	8.880711939	2.654702371	3.852159993
Gene33	2.147997946	7.116646384	2.135588026	2.895846682
Gene34	3.33730785	11.22983829	3.302789901	4.605224624
Gene35	2.329477424	8.917760004	2.615250077	4.100769085
Gene36	0.207365446	0.963501813	0.248093327	-0.037097934
Gene37	0.744474925	2.518539676	0.828657888	1.258035485
Gene38	4.372152781	14.65571814	4.346375963	6.606852128
Gene39	2.095869633	6.713175813	1.941714337	3.250339732
Gene40	-0.282971178	-0.587329169	0.001005649	-0.003581408
Gene41	-1.122472581	-4.011429596	-1.049603743	-2.412305894
Gene42	-0.226636028	0.304748456	-0.270268252	-0.327975696
Gene43	-0.554550642	-1.27031468	-0.524848491	-1.419746072
Gene44	2.652207334	8.916171567	2.647601967	3.490700418
Gene45	-1.326649423	-5.88031201	-2.212263463	-1.901444052
Gene46	2.389380557	8.113938454	2.431788509	3.545668825
Gene47	1.734336765	5.941774372	1.710293267	2.674788947
Gene48	0.746305948	2.596672434	0.853674687	1.346726763
Gene49	-5.303013577	-18.06912713	-5.106165618	-5.509111179
Gene50	-0.547545149	-0.402809819	-0.337819038	-2.256715427
Gene51	-1.429261471	-4.672745394	-1.140385354	-1.503695833
Gene52	3.080845928	10.3920555	2.928878225	5.050986322
Gene53	2.397897778	7.014000926	2.175871881	4.20048645
Gene54	-0.782637048	-3.505987258	-0.774892216	-2.075959239
Gene55	1.63858135	5.086730051	1.611304741	2.120802045
Gene56	1.843152665	6.084486333	1.812101112	4.508090928
Gene57	-0.161640626	-3.362978095	-0.171454244	0.137693485
Gene58	2.367706518	8.184848223	2.389642203	4.250208761
Gene59	0.09122039	0.227743862	-0.13737485	0.859787851
Gene60	1.00837868	2.813321171	0.939423976	0.937285557
Gene61	-0.308850421	-1.888775433	-0.421415712	0.079528859
Gene62	-0.12919415	-1.198203706	-0.55666701	0.150526341
Gene63	1.688827438	5.619300475	1.698481311	1.470440171
Gene64	-1.027851605	-4.966276085	-0.772031957	0.993942852
Gene65	-3.232200049	-8.492058817	-4.343174913	-2.840990436
Gene66	-2.276645648	-6.469534204	-2.194678464	-2.650302703
Gene67	0.092866853	-0.764346924	-0.163774913	-2.83605087
Gene68	-0.120762265	-0.775092594	-0.228141057	2.880889576
Gene69	1.848570256	5.877877654	1.751443146	4.031107028
Gene70	2.116480621	7.132148644	2.07963426	2.657473978
Gene71	1.065721406	3.032003956	0.958344963	0.941459641
Gene72	-3.338441536	-9.222084674	-3.078356865	-6.366419072
Gene73	-2.427866757	-7.512592684	-3.153950675	-4.975392911
Gene74	-1.747024952	-5.216624502	-1.645545703	-5.3343755
Gene75	-0.355014827	-1.374452324	-0.374421456	-0.649871995
Gene76	-0.490294084	-1.473616138	-0.454746057	-0.822002721
Gene77	2.100299282	6.93905946	2.087636776	3.075792755
Gene78	1.832691699	5.865997489	1.760382056	2.339096541
Gene79	-0.139248763	-0.618378776	-0.354331243	-0.020568178
Gene80	-1.057838801	-3.441021703	-0.836838221	-1.809073517
Gene81	1.923099711	6.133319149	1.730663237	2.89971385
Gene82	0.536885907	2.277871473	0.495671325	-0.172886578
Gene83	0.579234045	0.38847833	0.608320347	0.788300837
Gene84	3.442790769	11.30920338	3.387351185	4.973377269
Gene85	1.741196982	6.080620046	1.863042239	3.318678402
Gene86	-3.471861989	-10.82958079	-3.782750714	-5.058626067
Gene87	0.057409488	-1.272745455	-0.150943539	0.954393252
Gene88	2.616397931	9.576714914	2.838431861	4.193405223
Gene89	2.45129159	8.442784403	2.506144159	3.124206299
Gene90	1.591894334	5.667142098	1.7568702	2.195905994
Gene91	-2.798067659	-7.921522931	-2.290093045	-3.901612379
Gene92	0.983334106	3.059002144	1.000108681	0.304191872
Gene93	0.478589611	3.705224523	0.906033019	1.432423279
Gene94	1.368806878	4.370718404	0.854175368	3.107486761
Gene95	0.915187709	3.235298124	0.780204291	1.019649547
Gene96	-0.642343202	-1.813573398	-0.674723682	-0.065906125
Gene97	0.797563308	2.746233709	0.90693033	1.263676356
Gene98	1.749904193	5.976571252	1.635503523	2.709635997
Gene99	-0.199539829	-1.734207373	-0.391264645	-1.09686772
Gene100	0.681462489	2.187970431	0.735752528	0.511293035
Gene101	1.116530391	4.13626589	1.279101344	1.40107211
Gene102	-0.766907529	-2.883059678	-1.055481158	-2.273567229
Gene103	-1.22239561	-5.504097401	-2.053370835	-1.52844113
Gene104	0.137143879	0.019905222	0.252650719	-0.764357231
Gene105	0.584086741	2.407550429	0.604972169	3.002908867
Gene106	0.138332576	0.892685949	0.15393972	-0.092668621
Gene107	1.406544609	5.026343942	1.371000755	2.074293992
Gene108	0.87073093	3.206702209	0.066583039	0.865815032
Gene109	0.944282451	2.430090378	0.898878586	1.15092553
Gene110	2.272978472	7.59865406	2.286607935	3.199427164
Gene111	1.900469841	7.728389762	2.285917272	3.597704344
Gene112	0.400196412	1.494422282	0.419878113	1.342503599
Gene113	1.391441767	4.664430255	1.38188764	1.652849309
Gene114	3.292853861	11.09393031	3.288754243	4.937139271
Gene115	1.531961911	4.573078218	1.6210908	2.060979686
Gene116	-0.338930885	-1.530414522	-0.404120118	0.383731357
Gene117	-1.120738196	-3.720086243	-1.305027127	-2.034578785
Gene118	-2.155292844	-6.466966156	-2.056543256	-2.066280394
Gene119	-1.691735072	-4.285530253	-1.46010184	-1.279079391
Gene120	1.208578541	3.439085505	0.960697611	1.786439961
Gene121	0.357845574	1.0738883	0.265849069	-0.72975824
Gene122	1.522175955	4.256967603	1.623644816	2.358819693
Gene123	1.197572141	3.949703476	1.155021251	1.716107959
Gene124	-0.084858976	-0.066783462	-0.088032308	0.145426141
Gene125	0.153835654	-0.138391048	-0.072387632	-0.955686939
Gene126	0.070683647	0.312608063	0.198996727	0.717631016
Gene127	1.178883933	3.520412127	0.519658948	-0.000508511
Gene128	1.156203919	4.70379144	1.263008916	1.648680877
Gene129	-1.406899868	-4.288867422	-1.620527677	-3.55025937
Gene130	1.987711238	6.890286014	1.996089333	3.460346095
Gene131	1.842345131	6.321173305	1.758695203	2.8972158
Gene132	-2.858216016	-11.18259113	-2.614349743	-6.176457215
Gene133	0.737973933	3.037198666	0.596012499	1.818976355
Gene134	-1.749875314	0.057097104	-1.446298495	-2.837735722
Gene135	1.744501176	4.558663654	1.715078022	1.825711643
Gene136	0.836101025	2.756534563	0.599892929	1.68507781
Gene137	-2.396560862	-8.467173883	-2.995666936	-4.49490635
Gene138	0.548817025	1.608193041	0.143625126	-0.383210215
Gene139	-0.111553171	-0.444801662	-0.224290833	-1.427203756
Gene140	0.634288307	2.273212073	0.527245886	0.931636933
Gene141	-2.160635094	-7.314413284	-3.023032517	-2.929086638
Gene142	1.926959168	6.118788402	1.240549498	2.541244198
Gene143	0.483020052	2.635794538	0.469297765	-1.041428599
Gene144	-0.345859116	-1.069412027	-0.816440017	-1.883745487
Gene145	-2.373604721	-9.022203355	-3.227063024	-2.33593733
Gene146	2.023082464	6.829397756	2.064976862	2.804845541
Gene147	-0.882493686	-3.086223218	-0.608224337	-1.852642234
Gene148	-2.360655034	-8.506227419	-2.33200931	-2.062397546
Gene149	-0.623709767	-3.629281343	-0.920730265	-0.761609231
Gene150	0.206726873	1.058484699	0.297059234	0.783246526
Gene151	0.982044615	2.806573531	0.791104068	-0.336200483
Gene152	2.175239546	7.204616433	2.166917776	3.13865936
Gene153	-0.13899537	0.074231151	-0.028953333	-0.943750764
Gene154	-0.181847631	-0.181540971	-0.285450118	-0.228238971
Gene155	-0.075155814	-0.126588568	0.088887988	0.122693277
Gene156	-1.618060026	-6.701093522	-1.768958254	-2.838699346
Gene157	-1.112404462	-3.640531951	-1.869316016	-2.770623603
Gene158	-3.241635907	-8.246265385	-2.754165226	-6.256152422
Gene159	1.589141833	5.458447485	1.6735484	2.335044034
Gene160	2.806552283	9.510377734	2.768936384	4.345868171
Gene161	0.470100086	1.120533236	0.228749209	0.195982895
Gene162	2.586919876	8.460354739	2.362347693	2.922373403
Gene163	1.745632221	5.781954697	1.868280977	4.173645328
Gene164	0.132676657	0.271891219	-0.275228741	-0.793966266
Gene165	-1.509750219	-4.715160791	-2.098258777	-1.303299786
Gene166	-2.06869582	-6.283433567	-2.191738468	-3.249679382
Gene167	0.892021081	3.271263134	0.898399799	1.64359058
Gene168	0.853565874	3.100367343	0.859113102	0.874354534
Gene169	2.408341022	8.565005156	2.532290196	3.855081123
Gene170	1.808865114	6.124887287	1.786203681	2.217424893
Gene171	0.005962785	0.645683796	0.264876994	0.552433376
Gene172	0.806277018	1.334879114	0.590525517	3.199900417
Gene173	1.110738519	3.259838111	1.059315785	1.781354086
Gene174	0.711268294	2.241354253	0.632837749	0.434733644
Gene175	0.755864199	2.317445653	0.678218387	1.451172656
Gene176	-0.36612144	-1.369303028	-0.106713132	-0.494920486
Gene177	0.028299866	0.518614233	0.288870458	-0.538066074
Gene178	1.30579106	4.691625565	1.325290726	2.152351798
Gene179	-0.887836826	-1.723983133	-0.766279629	1.52686645
Gene180	3.627093178	12.07150132	3.60483462	5.616056212
Gene181	0.844723562	1.726459313	0.248358386	0.72066643
Gene182	-0.475109797	-1.97762567	-0.368699468	-1.200249239
Gene183	0.23215366	1.031389758	0.075758644	0.097280951
Gene184	0.854328538	3.37688691	1.034316202	2.19161547
Gene185	1.197696951	3.056238415	0.900101113	1.399144318
Gene186	0.202571804	1.380289733	0.402643026	0.582410741
Gene187	3.045815625	9.997786767	3.016308625	3.577122968
Gene188	2.551821149	8.311571066	2.425256265	3.63155257
Gene189	1.267388472	3.873120929	1.288763604	1.364013569
Gene190	-0.065825499	-0.167644978	0.062528276	-1.612442806
Gene191	0.964708105	3.172700959	1.044069221	1.299833855
Gene192	-0.065987408	-0.092282951	0.125729473	-0.825650676
Gene193	1.434015662	4.016422617	1.026622602	1.481639571
Gene194	3.503521653	11.47710295	3.487655438	5.506423476
Gene195	0.293840038	1.121521426	0.502177219	-0.2866574
Gene196	-3.169841595	-12.2993093	-4.187527065	-1.53040425
Gene197	-2.095678929	-9.822117347	-2.443353697	-3.517906548
Gene198	-0.908986418	-1.101659733	-0.269600723	1.195362765
Gene199	-2.023479965	-10.39217606	-2.142803514	-3.140522272
Gene200	-0.56676564	-3.285237203	-0.656142259	-0.13822263
Gene201	2.302709107	7.67002318	2.405717828	3.945674688
Gene202	-1.024160855	-5.479907128	-1.268919387	-1.470808151
Gene203	-3.466331376	-11.34577304	-3.560687069	-5.080592761
Gene204	0.015370192	0.466470488	0.130351074	0.56207649
Gene205	-0.200448706	-1.185479909	-0.270285374	-0.138023535
Gene206	-2.95880276	-10.17189508	-3.262223741	-3.77320154
Gene207	-1.463681024	-4.461717102	-1.248993734	-2.632764818
Gene208	0.264932557	0.959562643	0.318573702	1.011252884
Gene209	-0.536927678	-1.13876132	-0.513320163	-0.572722035
Gene210	-3.072523559	-10.01336855	-2.578743446	-3.866084437
Gene211	0.693519176	1.409417899	0.888668143	2.600612876
Gene212	-2.784499308	-8.776686699	-2.6597511	-1.943836758
Gene213	1.123275324	3.945471209	1.127644003	1.964119818
Gene214	1.606429312	5.38043302	1.629732607	3.457776547
Gene215	1.605848632	5.217064783	1.545513349	2.385744498
Gene216	-1.687256448	-5.9043483	-1.123283995	-1.08900356
Gene217	-1.354504322	-4.350705235	-1.476669595	-1.662919107
Gene218	3.138924981	10.20053088	3.049296635	5.006311227
Gene219	0.713768718	2.616921815	0.732428703	-1.261756765
Gene220	-0.465515865	-3.097064096	-0.398751685	-1.136702879
Gene221	0.083834598	0.599397913	0.182585039	1.123531392
Gene222	-0.78944175	-3.390149743	-0.765324117	-0.182022543
Gene223	3.495820822	11.92285232	3.613396498	4.821762555
Gene224	1.067713155	3.214972858	0.967027219	0.430106111
Gene225	2.239713502	7.665679352	2.302872525	3.444295969
Gene226	1.735333568	5.135784931	1.528769974	1.71928562
Gene227	0.407007298	1.002878499	0.389009849	1.152526428
Gene228	0.787018176	2.453362523	0.801534641	0.813425627
Gene229	0.356013276	4.448216998	1.139588461	0.940004884
Gene230	0.695102054	1.783110185	0.566344972	0.743846684
Gene231	-1.858836762	-6.338551482	-2.553808057	-3.006154558
Gene232	-0.379968863	-0.956697072	-0.334435868	-0.495400426
Gene233	1.21771327	3.347289971	1.127474749	1.81584088
Gene234	1.769398728	5.979179854	1.897466199	2.874357103
Gene235	1.558672477	5.38730975	1.485701532	2.397761667
Gene236	1.424080112	4.78367217	1.301289715	1.928953627
Gene237	-2.443879189	-9.786052663	-2.313410638	-3.836876876
Gene238	0.901464128	3.774292952	0.903177385	0.672391124
Gene239	-0.94318284	-4.487841655	-0.966381902	-1.531714428
Gene240	2.780320441	9.184691185	2.689822207	4.204124686
Gene241	-0.6213984	-2.269431731	-0.699136674	-1.147589961
Gene242	-0.182707476	-0.682264528	-0.200728772	-0.368397065
Gene243	2.554813189	8.40780759	2.565213677	3.768705757
Gene244	-0.770087276	-1.767576069	-0.742798827	-1.194118223
Gene245	2.154155166	6.98707285	2.176553928	2.84946116
Gene246	-0.136875719	-0.179788634	-0.059213572	0.268972366
Gene247	-0.130276698	-0.786456737	-0.22722221	-1.639715311
Gene248	-1.10985093	-2.981514567	-1.243088117	1.391767313
Gene249	0.689792978	2.126416851	0.646553116	2.653175759
Gene250	0.938530829	3.895550275	1.064286647	2.084824811
Gene251	1.236816857	4.264544677	1.250215406	2.300148382
Gene252	1.689234667	5.437310233	1.725603696	2.449508355
Gene253	0.596913302	2.500731742	0.709040284	-1.035477793
Gene254	3.171583821	10.31463106	3.126840081	4.289831719
Gene255	2.187729501	7.370904661	2.114237235	2.538238252
Gene256	3.534067107	11.77009947	3.492557116	5.206721196
Gene257	0.010323008	-0.757395235	0.137619511	-0.319346373
Gene258	0.310817994	0.683194463	0.136822109	-0.534846409
Gene259	0.815220416	3.63221435	0.894828271	1.472006324
Gene260	2.587583323	8.168544393	2.599061633	5.414660197
Gene261	-0.113079571	0.422040181	-0.046717283	0.316152361
Gene262	-0.645412741	-2.842789712	-0.682088585	-2.989008449
Gene263	-1.950246517	-6.392398919	-1.533703498	2.20403269
Gene264	-0.839660725	-1.431980118	-0.687037487	2.130661525
Gene265	0.726844305	3.429046576	1.051356313	1.756338616
Gene266	-0.186536136	-0.045074275	-0.107294841	0.060657635
Gene267	1.165183042	4.12651988	1.12772862	1.490337593
Gene268	0.743099454	2.65164871	1.111349495	2.471969345
Gene269	2.051008807	7.045450867	2.063036096	1.124561318
Gene270	-2.110568106	-6.481437254	-1.998656304	-2.919137617
Gene271	-3.071660877	-10.94683614	-2.369620777	-3.458278339
Gene272	3.892120605	12.88163139	3.710894862	5.484730518
Gene273	1.822365195	6.262237749	1.865047933	2.835348869
Gene274	1.251115866	4.179707911	1.188898101	1.183200981
Gene275	0.592046373	1.699984449	0.513109728	1.552691585
Gene276	-2.304405729	-7.070881929	-2.789447883	-4.192731034
Gene277	-3.970224369	-12.70808811	-3.728393429	-8.060309616
Gene278	3.030760868	10.31609291	2.928459026	4.33994546
Gene279	-1.60179166	-6.697446674	-1.817717765	-0.575491037
Gene280	1.277694857	4.307243537	1.246916186	1.788866253
Gene281	1.569515818	5.419940602	1.423280394	0.534740021
Gene282	-1.304667127	-4.568737403	-1.007002138	-0.792826064
Gene283	-1.01028921	-3.468709194	-0.987870934	-0.667817725
Gene284	0.230119493	0.531651468	0.175363213	0.775470571
Gene285	0.889476479	3.356904146	1.019482398	-0.470570441
Gene286	1.45841503	5.219281128	1.449564994	1.653934823
Gene287	-0.029578233	-0.124051222	-0.181728494	-0.056373757
Gene288	-2.667753087	-8.004762557	-2.467391814	-1.867577097
Gene289	-0.603097301	-2.23157312	-0.798160756	-1.146302725
Gene290	-1.048044095	-4.089447672	-1.179393551	-2.059957934
Gene291	-0.434525398	-0.384131271	-0.421834026	-0.624519436
Gene292	1.83948077	6.479192945	1.869369775	2.638049894
Gene293	2.08100093	6.63900604	2.053510069	2.718704499
Gene294	0.47216478	1.322188939	-0.165207412	-0.306149544
Gene295	0.307955952	1.14645838	0.385105674	0.683714549
Gene296	2.488785129	8.391966078	2.657546801	2.850004432
Gene297	-2.596848133	-9.560242145	-2.12873622	-4.634611135
Gene298	0.129715625	1.042200215	-0.299049341	0.154856105
Gene299	-0.516764105	-1.607708179	-0.461875144	-2.236982045
Gene300	-0.468923846	-2.709712249	-0.679558834	-0.533757441
Gene301	2.910888298	10.31024166	2.909054642	5.181336412
Gene302	1.81055699	5.801426105	1.713948716	-2.518829513
Gene303	1.157374042	3.959557919	1.12755938	1.795024619
Gene304	0.388304781	-0.137574083	0.381364688	0.645002723
Gene305	1.435164578	3.739336999	1.113497447	2.246091712
Gene306	0.334154483	1.087092014	0.554632353	0.473104399
Gene307	3.476922888	11.78061133	3.462820997	4.688736561
Gene308	1.378123878	4.393380328	1.199073787	2.319690857
Gene309	-2.36614662	-7.828848884	-2.371242946	-2.349093794
Gene310	-0.521859893	-2.807172121	-1.026615923	-1.253609592
Gene311	2.322896107	8.127814925	2.212681744	2.718823067
Gene312	2.068122764	7.088504347	2.424655047	3.628597922
Gene313	0.111553404	0.832746762	0.017178368	-0.21993197
Gene314	-0.273905362	-0.546718587	-0.079450515	-0.261675352
Gene315	1.510104105	5.126190036	1.548267597	1.67077984
Gene316	-0.351268072	-2.799367849	-0.558926745	0.301520983
Gene317	-0.457079025	-1.961890391	-0.395233941	-2.036695039
Gene318	0.197449721	0.497354119	-0.110617055	-0.529978124
Gene319	-1.433413009	-6.175270732	-1.806118097	-2.801569325
Gene320	2.32930302	7.733785523	2.287470593	3.738131299
Gene321	-1.3696223	-4.802230057	-1.578672983	-0.706633287
Gene322	-1.610582322	-5.382313941	-1.293575981	-2.925762957
Gene323	-0.767026215	-2.393779252	-0.590049805	-1.194842959
Gene324	-3.150673329	-11.99012804	-2.54427828	-3.758002027
Gene325	-2.449353944	-10.86612723	-3.821856578	-2.131015356
Gene326	-2.574625615	-9.649489548	-3.698081584	-4.765512709
Gene327	0.204606576	0.874753255	0.510132836	-0.003435803
Gene328	1.866057393	6.147276413	1.876558272	2.838581569
Gene329	-0.187898761	0.445075826	-0.064663101	0.158209634
Gene330	-0.335629245	-0.211128628	-0.038033372	-0.865501581
Gene331	2.230943908	7.157718894	2.276049979	2.703958926
Gene332	-0.177559459	-0.731627035	-0.208827152	0.817747941
Gene333	1.185769878	3.81006248	1.023763247	1.619974789
Gene334	0.499963181	2.353598304	0.750975414	1.365548694
Gene335	-3.934783113	-15.03426698	-3.179562904	-4.536701657
Gene336	-1.565731755	-4.63419425	-1.271246052	-2.430276728
Gene337	-1.440952772	-6.5330776	-1.487772831	-1.727222693
Gene338	-0.392254876	-2.23977853	-0.631171429	-0.609069502
Gene339	-1.255018568	-4.888435811	-1.457123891	-2.736246627
Gene340	-1.664431133	-2.568366651	-2.103524117	-0.952976724
Gene341	-1.632057037	-5.58438153	-1.107142075	-2.429359302
Gene342	0.369245802	2.763585402	0.450654975	3.265651054
Gene343	-0.573491794	-3.036208131	-0.586825401	-2.030284924
Gene344	1.223851625	4.149836054	1.116197313	2.124154494
Gene345	-0.471636535	-1.253953158	-0.287398995	-1.554522568
Gene346	-1.29626967	-5.278274293	-1.530800384	-3.475900815
Gene347	0.879003987	3.617916846	0.762196674	0.439888755
Gene348	1.019775385	3.011517431	0.80100689	2.083014419
Gene349	0.187446114	1.16991201	0.311995672	0.714251114
Gene350	0.652823445	2.155766383	0.544071	1.350421528
Gene351	-1.309453775	-4.227008614	-1.306666867	-0.705005444
Gene352	0.40865701	2.059482174	0.502414439	0.618187564
Gene353	2.996310874	10.27766366	3.157149707	4.476009489
Gene354	1.239693063	4.445180567	1.2831658	2.441577567
Gene355	-1.144301901	-4.162738645	-1.162620432	-3.322159595
Gene356	-1.509438449	-7.56851966	-1.726717996	-2.896051503
Gene357	0.875852212	4.113256996	0.849213132	-0.190884499
Gene358	1.879611466	5.980713373	1.770154594	1.84632135
Gene359	-0.103222282	-0.23885066	-0.143374282	-0.075403985
Gene360	2.865235785	9.047640496	2.77465769	4.49925305
Gene361	-0.074606303	-0.231774935	-0.331610107	-1.539295563
Gene362	-1.607758144	-6.052323721	-1.554821341	-3.123380911
Gene363	0.93971611	3.733926473	0.969359553	1.603917931
Gene364	-1.981039362	-1.796378364	-2.383210536	-0.350949909
Gene365	0.335830268	1.993458502	0.585008261	0.674593171
Gene366	-0.102855663	1.010514457	0.13723228	0.779687549
Gene367	0.785323101	2.58012875	0.876939863	1.786439961
Gene368	-2.02891527	-6.052607095	-1.583181358	-2.910391238
Gene369	-1.934578386	-7.468534377	-2.025332368	-3.436115698
Gene370	2.703243164	9.056182816	2.716348032	5.084115287
Gene371	1.457228353	4.719831942	1.436819678	3.238794709
Gene372	-0.206122576	-1.112457212	-0.269258573	-1.598146896
Gene373	-1.527937689	-4.879654421	-1.35426313	-2.092939045
Gene374	-0.027975612	0.390160371	-0.102433453	-1.269355781
Gene375	-0.258708184	-0.801493523	-0.389411256	0.169393693
Gene376	-0.973762087	-3.378187249	-0.966656704	-2.786831215
Gene377	0.203999951	-1.322353898	0.058752761	0.218330412
Gene378	0.380894213	0.637430096	0.288968338	-0.517824804
Gene379	0.164378213	0.548864257	0.181408632	-2.59347575
Gene380	-0.661597453	-3.548897465	-0.562612603	-0.96050191
Gene381	2.282092116	7.393058155	2.482543098	3.102170369
Gene382	1.000606751	3.677191389	0.971241301	1.699825574
Gene383	-0.494420125	-1.941685299	-0.473178704	-0.575277856
Gene384	2.862720456	9.23618237	2.720830412	4.449878361
Gene385	1.271415583	3.862717801	1.543924122	1.472142434
Gene386	0.638299544	2.87052103	0.613286305	-0.230757009
Gene387	-1.269822834	-4.208705229	-2.170927292	-1.253735243
Gene388	2.108732197	6.766528843	2.005366739	3.249570047
Gene389	-1.524324259	-5.515173213	-1.792609182	-2.719237861
Gene390	0.6613238	1.859729638	0.747516272	0.115750217
Gene391	0.294189215	0.787547595	0.303832362	1.550497187
Gene392	-1.941949311	-4.903658353	-2.019408184	-1.993691813
Gene393	2.089921382	7.386226419	2.084456452	3.027333668
Gene394	-0.614649045	-2.811241868	-0.809340581	0.665182926
Gene395	-1.223706533	-3.791791954	-1.456787321	-0.611933789
Gene396	0.404067741	0.708006382	0.305566633	1.985246242
Gene397	0.039409908	1.417865888	0.362810612	-1.239519894
Gene398	2.77432008	8.845844793	2.763429445	4.820813904
Gene399	0.09576357	0.686798595	0.246695503	0.047750149
Gene400	-1.109015126	-4.070943916	-0.905781525	-2.177121161
Gene401	0.678460427	2.513771267	0.863861344	0.579081926
Gene402	-0.601562074	-3.21506947	-0.647491144	-3.072960805
Gene403	2.543408494	7.896302902	2.605742203	3.053479111
Gene404	5.274217126	17.91257368	5.281264161	7.961428967
Gene405	2.969865935	9.489841871	2.968660282	4.634766608
Gene406	3.985924254	13.48131754	3.907215902	6.255949734
Gene407	0.723708356	2.141487734	0.790274389	0.675519384
Gene408	1.155249472	3.807267972	1.125102167	4.492363154
Gene409	3.849034013	12.72502164	3.671859477	6.308383648
Gene410	2.175630761	7.66248719	2.221817997	3.43270185
Gene411	2.298774513	7.325126876	2.352799783	2.860963558
Gene412	3.37200231	11.30222127	3.363711324	4.971991953
Gene413	0.791461932	2.324340305	0.702265409	1.338789255
Gene414	4.470488471	15.02144463	4.501853283	6.246075077
Gene415	0.355820207	1.304154071	0.417298797	0.266101115
Gene416	-1.775494061	-10.29343842	-2.307326546	-1.513475293
Gene417	-0.206952712	0.203931304	0.184770784	1.724700997
Gene418	1.579021891	4.620912041	1.510588175	3.327435642
Gene419	-2.417440689	-7.674085059	-2.597115858	-4.367579177
Gene420	-0.020816535	-0.978825888	-0.18254372	0.15981014
Gene421	1.702706543	5.482657529	1.324213758	2.768327122
Gene422	-0.114701029	-3.696383309	-0.749799186	0.321144535
Gene423	-1.636011565	-4.820194283	-1.15890784	-2.83605087
Gene424	5.357663668	17.67995462	5.333696568	7.827440738
Gene425	2.502993931	8.171763872	2.488842931	5.57745922
Gene426	2.091811662	6.929096396	2.050538648	2.816554985
Gene427	1.409376421	4.212443114	1.140340718	4.026279693
Gene428	-0.734274682	-0.263260597	-1.029099489	0.895093119
Gene429	0.922445274	2.264808708	0.844506977	1.983988948
Gene430	0.816256591	2.498771405	0.89140471	0.214416404
Gene431	-2.373382832	-5.068049304	-2.409196457	-0.188082492
Gene432	-0.190179492	-1.147076954	-0.137494786	0.821007783
Gene433	1.019825085	3.18637856	0.905399138	1.41845271
Gene434	-2.034338127	-6.555409359	-2.304376867	-1.62023032
Gene435	4.389005998	14.80520657	4.403258814	6.822004841
Gene436	3.84388414	12.88906939	3.897717401	6.436613196
Gene437	4.67347565	15.65750316	4.656316467	7.2489933
Gene438	-2.16424052	-8.09049979	-2.545643651	-4.244056841
Gene439	0.883001023	4.543714626	1.460452733	6.532937709
Gene440	2.849729145	9.587384088	2.79378892	4.24496718
Gene441	6.875234593	22.88433435	6.857883894	10.81245142
Gene442	-1.349816483	-3.826778031	-1.205398116	-0.789379908
Gene443	3.6825828	12.43593265	3.662109491	4.882312578
Gene444	3.29515477	11.09558326	3.318004941	5.267118678
Gene445	2.956269	9.869944157	2.912539833	4.530757788
Gene446	3.105842543	10.3292208	3.186675583	4.863345958
Gene447	3.104545646	10.35614777	3.057437792	4.512490416
Gene448	2.202307242	7.315844033	2.142390145	2.883361819
Gene449	0.489291259	2.284151347	0.527631436	0.820587555
Gene450	4.292521697	14.46288076	4.457518744	6.654509156
Gene451	-0.98506413	-4.913509885	-1.002398524	-1.858397759
Gene452	2.534585787	8.763041126	2.683682032	3.791495444
Gene453	4.309426455	15.14248289	4.556493044	7.025655576
Gene454	-2.034822992	-6.511869991	-1.726424179	-3.429312314
Gene455	-0.741798175	-1.953677654	-0.248672798	1.739806403
Gene456	5.054033616	17.25278039	5.009122741	7.348050263
Gene457	5.516266101	18.28096207	5.554048815	8.359617875
Gene458	4.679340167	15.5415487	4.652522576	6.969580832
Gene459	-0.299492251	-0.61993332	-0.038535717	-0.990353295
Gene460	2.74208036	9.499725544	2.816867475	4.815548944
Gene461	2.536932322	8.647338837	2.613815288	5.782822311
Gene462	-1.235251014	-4.247555894	-1.381042202	-0.148371572
Gene463	3.895852842	12.8801805	3.850991592	5.890204264
Gene464	5.782399508	19.45643315	5.796651703	8.509552539
Gene465	1.664633021	5.680422328	1.608143448	2.463594623
Gene466	0.869749718	1.854711347	0.691591004	1.460597347
Gene467	-0.93535708	-2.625545648	-0.363348234	-1.179736444
Gene468	5.073891436	17.10792266	5.086490842	7.408551964
Gene469	1.421855047	3.564856167	1.607122385	1.478051295
Gene470	5.516210692	18.3553526	5.490285736	8.748019235
Gene471	2.821508149	9.600866786	2.895280122	3.147883973
Gene472	3.121883048	10.36624099	3.100007644	4.024667124
Gene473	5.911670426	19.81102338	5.873412786	9.144638259
Gene474	-0.051301998	0.053832109	-0.313479451	-0.062305456
Gene475	1.412233806	4.51480415	1.341820028	2.343252354
Gene476	1.215263689	3.643206517	1.259306716	2.127279633
Gene477	0.985136604	4.42739235	1.105786378	-0.450233154
Gene478	2.981954071	10.31107818	2.990504925	4.615304178
Gene479	5.106052369	17.0090395	5.154460365	7.143394986
Gene480	4.338649462	14.56124884	4.307071968	6.491288063
Gene481	3.151621681	9.910276797	3.093096604	4.623485865
Gene482	-0.358538973	-0.627716939	-0.264719085	1.000294439
Gene483	6.305488803	21.10531562	6.319660187	8.816956823
Gene484	1.573123346	5.493942968	1.619099823	1.551142932
Gene485	3.168284348	10.58590395	3.06252312	6.100567338
Gene486	1.905914296	6.786152548	2.03477935	3.596961758
Gene487	0.319064883	1.34505818	0.399843619	2.38396694
Gene488	5.822394019	19.88625007	5.877191983	8.85694715
Gene489	1.697798836	5.681680364	1.672150295	2.125651852
Gene490	2.12045644	6.882399229	2.030757541	3.134059403
Gene491	3.433983648	11.39262333	3.400338951	7.805844803
Gene492	3.343944934	11.4443714	3.411523392	5.28077157
Gene493	2.380981305	9.114176304	2.381790161	3.653012163
Gene494	0.531798071	2.100491609	0.56240635	1.397571692
Gene495	0.145470979	-1.90163886	-0.698269451	-1.736035575
Gene496	2.933945997	9.886135822	2.84885298	4.412972638
Gene497	3.319623136	10.94671958	3.271151271	2.665511608
Gene498	-0.156583541	-0.150138998	-0.19590104	-0.197767472
Gene499	5.043954847	17.16833424	5.115146097	7.610912003
Gene500	-0.583197388	-2.709920155	-0.773220379	0.637186504
Gene501	0.573270813	1.755994332	0.519814361	2.348307663
Gene502	2.721355623	9.71507066	2.927759969	6.892332715
Gene503	2.762645282	9.419003505	2.768690452	4.3943676
Gene504	-2.867603491	-11.85979358	-2.87879895	-3.630579428
Gene505	2.535131984	8.261365729	2.469679383	3.975594084
Gene506	0.557850368	3.179457958	0.021484798	1.147127098
Gene507	-1.676220523	-7.020722382	-2.27310076	-3.070708762
Gene508	-0.463871	-1.948130992	-0.578075578	-1.28736647
Gene509	2.68234883	8.533326287	2.58772896	4.042433411
Gene510	0.221466476	0.25595955	0.130339603	0.580315682
Gene511	7.608343563	25.59789009	7.630145702	11.31823495
Gene512	4.916180039	16.59621825	4.89276732	7.179775179
Gene513	1.198861096	4.152490405	1.23021663	2.115271799
Gene514	4.946696796	16.26484217	4.944246817	7.124766444
Gene515	0.415865399	3.106364673	0.588859031	1.32526589
Gene516	2.571958984	8.702169972	2.650189769	3.823908982
Gene517	-0.836697572	-4.938774018	-2.005040538	0.606962407
Gene518	1.204868115	3.760742495	1.136070428	1.58976511
Gene519	1.078316209	2.628258267	1.524995046	0.793231174
Gene520	4.552082409	15.23425978	4.57816532	6.112431964
Gene521	2.480134228	7.896475499	2.400601217	3.517897117
Gene522	5.726022571	19.16987904	5.601570968	8.619345162
Gene523	1.064486428	3.17697013	1.028212799	1.20148839
Gene524	4.402800023	14.51565735	4.290044614	6.907682645
Gene525	2.520090467	8.462685614	2.507305457	4.844064568
Gene526	1.787460011	6.025637683	1.386078733	1.793432467
Gene527	2.322585487	8.118059016	3.305669396	3.575332243
Gene528	2.678192784	8.85168137	2.669025473	2.486850902
Gene529	1.045727932	4.199256771	1.233723533	2.006079244
Gene530	4.823318368	15.93057205	4.694811091	1.599861091
Gene531	2.014976512	6.491579879	1.970665454	4.563088702
Gene532	2.575447555	7.737000688	2.537531341	3.666545947
Gene533	0.861457652	2.696711201	1.092596504	3.970841758
Gene534	2.298954323	7.429242926	2.277404311	3.481155698
Gene535	-1.032600374	-3.819374328	-0.734538837	-1.445321576
Gene536	2.165646166	7.388237207	2.158547011	2.718289438
Gene537	1.826566275	6.515106536	1.827537994	3.036930968
Gene538	2.704626864	9.023112547	2.721260353	3.745863429
Gene539	5.954756934	19.88222687	6.049138609	9.12256935
Gene540	-1.36001929	-6.199169929	-1.484596115	-1.158871157
Gene541	0.907321069	3.467881967	1.268205839	2.279513908
Gene542	-0.401065145	-1.051665643	-0.312836054	0.746167212
Gene543	1.521393742	5.211951938	1.526813331	2.890807055
Gene544	-1.553538881	-5.27333602	-1.500405801	0.242467718
Gene545	1.129752464	3.504659257	1.095964909	3.690324082
Gene546	-2.012356935	-7.763587177	-2.657624276	-3.8724796
Gene547	1.478752993	5.230820822	1.557091143	2.675887401
Gene548	-1.774599643	-5.900826559	-1.856938477	-1.859024688
Gene549	4.277967499	14.26535775	4.296417189	5.89741513
Gene550	1.924327508	6.609174526	1.909889445	4.440689683
Gene551	0.939392991	3.104003376	1.004951538	1.27373017
Gene552	2.500645425	8.441209148	2.709847468	4.50394902
Gene553	1.385253416	4.627015889	1.176323349	2.374898303
Gene554	3.298570788	11.20562356	3.297392557	4.765042634
Gene555	5.075700768	16.96018307	5.075448183	7.775098792
Gene556	4.637360614	15.72543503	4.685038988	7.449344626
Gene557	0.572338267	1.70330533	0.466597162	1.692205393
Gene558	5.230281759	17.28002956	5.197792974	7.186093077
Gene559	0.875622604	3.06249958	0.750728728	-0.03269319
Gene560	-1.517199163	-4.280697278	-1.594445478	-1.731939497
Gene561	0.610625564	1.91781132	0.456383746	0.703838335
Gene562	2.655020548	8.87170727	2.693718085	4.077706339
Gene563	-0.865945273	-2.763891831	-1.231783471	-2.111596642
Gene564	0.379292328	1.362260934	0.537222179	1.135588579
Gene565	1.854627472	5.756962543	1.719465486	2.188030634
Gene566	2.199210013	7.17795986	2.219406853	3.158490056
Gene567	2.910738283	9.829600749	2.935908498	4.669481871
Gene568	0.761478385	2.962398688	0.78736508	1.688086128
Gene569	0.764626577	3.260184901	0.870777608	-1.087578135
Gene570	2.597492816	8.466615274	2.591357661	3.002295575
Gene571	-0.160685416	-3.32150725	-0.250215542	-1.131983828
Gene572	-0.959488032	-3.021565647	-0.883500486	-3.421757425
Gene573	2.918360499	9.643035404	2.900108438	3.276522005
Gene574	-0.205394656	-2.108251225	-0.428089731	-0.686669395
Gene575	2.743854668	9.230982161	2.674985935	2.921622711
Gene576	1.049691204	2.575021822	0.834006712	-1.223671622
Gene577	0.991189767	2.729197897	0.820695652	0.669837339
Gene578	3.195227205	10.69128161	3.074611347	4.983431851
Gene579	2.924002263	9.55369926	2.750321575	4.131594487
Gene580	1.591164817	5.224286567	1.541437636	1.698246103
Gene581	-0.696957762	-0.984892237	-0.689351912	-0.467566691
Gene582	2.321071523	7.205996761	2.083545927	3.877837041
Gene583	3.239011283	10.91703884	3.252121201	4.569316726
Gene584	0.909543292	2.976398746	0.871761752	1.759994068
Gene585	-1.586187544	-7.425264689	-1.428258186	-1.285910784
Gene586	4.721335038	15.80084354	4.754303662	6.572440617
Gene587	1.972645326	6.795050741	1.977832903	2.48435777
Gene588	3.809396411	12.65382341	3.76397769	5.633057191
Gene589	3.507040087	11.73618248	3.488813285	5.483229298
Gene590	2.211843614	7.839555055	2.307499236	4.215423968
Gene591	2.363864464	8.467887781	2.379760022	3.828442419
Gene592	2.983350232	10.32547525	3.051832431	4.414504717
Gene593	-0.574127756	-2.039874518	-0.515068301	-0.741053988
Gene594	4.663814989	15.54633472	4.59875995	6.387954546
Gene595	3.080149615	10.30856798	3.091079278	4.764284828
Gene596	-0.007024948	1.097391881	0.259740401	0.102411543
Gene597	3.420377996	11.7230661	3.515935059	5.692149622
Gene598	-0.52924843	-1.518758989	-0.661343765	-2.187466837
Gene599	3.024286625	9.969875229	2.998159776	3.629470391
Gene600	1.385563745	4.759322262	1.507785879	1.31252808
Gene601	2.486815678	8.026167203	2.509262759	3.997111239
Gene602	-1.750827241	-10.14557367	-2.664843984	-3.187882974
Gene603	1.758797379	5.926693853	1.707051159	2.304022583
Gene604	0.168357052	1.297600067	0.309218025	0.305081112
Gene605	0.890664766	4.036675216	1.015940398	2.299991638
Gene606	5.066273671	16.81005734	5.008860972	6.921384341
Gene607	1.28755393	4.551256374	1.289807465	3.157074335
Gene608	-2.658701107	-9.561459854	-3.331136201	-2.309626864
Gene609	0.171635553	0.43019575	0.160883572	4.053918358
Gene610	2.354397076	7.629601749	2.275888946	2.660651063
Gene611	5.782951349	19.3053424	5.762288778	7.865700192
Gene612	4.30662567	14.67525492	4.406531512	7.048774725
Gene613	2.252949847	7.38848847	2.183599175	3.525775706
Gene614	0.957963428	3.646450789	0.785222222	3.084714351
Gene615	3.499158192	11.79926221	3.598883176	5.368561052
Gene616	2.391173057	8.316976267	2.439931281	3.48414829
Gene617	2.189443801	7.080577403	2.159014734	4.360523833
Gene618	1.931283326	6.72595075	2.039074201	2.905587572
Gene619	3.889107833	13.3675128	3.980169652	7.195400398
Gene620	1.306239022	4.242278183	1.183991144	1.518708177
Gene621	1.130197621	4.275174878	1.318601738	2.130266632
Gene622	-1.820415526	-5.102178942	-2.684061861	-0.057788434
Gene623	2.212281102	7.253637699	2.159120319	2.22226154
Gene624	-0.220552791	-1.737156542	-0.110339782	-1.118412554
Gene625	-0.901830142	-2.240229962	-0.917585197	-1.712307433
Gene626	3.460089064	11.12814395	3.546831452	4.051725909
Gene627	1.833374887	5.765068764	1.894758616	3.593177111
Gene628	-2.086866237	-7.171303361	-1.993175255	-2.925507591
Gene629	3.734924254	12.33766528	3.713320576	5.737873958
Gene630	-2.354133715	-7.216398169	-2.17348503	-4.690206166
Gene631	1.297316751	3.924655066	0.830994405	1.40000142
Gene632	3.036201433	10.14736724	3.194364826	5.64266813
Gene633	2.643523929	8.797463701	2.611419388	3.277359691
Gene634	-0.508733228	-1.011453795	0.382524109	0.890787806
Gene635	1.25040575	4.01669899	1.070398477	0.98455315
Gene636	-0.777406314	-3.034947267	-1.159365956	-1.868207881
Gene637	4.604053368	15.26680586	4.673658546	6.731053488
Gene638	0.060942326	-0.987495483	0.082711835	1.246215093
Gene639	2.268012364	7.672608305	2.317242786	3.798005557
Gene640	1.068376191	3.060475195	0.924191075	-0.53404257
Gene641	3.565111729	11.65976956	3.553885361	5.58190458
Gene642	2.369924815	7.183735757	2.435993976	2.879452208
Gene643	3.560931137	11.92078874	3.770020187	6.511477242
Gene644	1.164710199	4.500971387	1.339597615	1.574715028
Gene645	1.355821515	4.524547966	1.207820142	2.198298306
Gene646	-0.118665356	-0.272504386	-0.206896836	-0.694698115
Gene647	-0.773157734	-2.286600246	-1.319344633	1.690970801
Gene648	-1.946957995	-6.353714982	-1.423039083	-0.324206935
Gene649	-1.571154691	-4.926016972	-1.873220949	-0.193319899
Gene650	-0.026318962	0.999566421	0.413417307	0.368895839
Gene651	2.878415933	9.917343938	2.81067599	3.677301382
Gene652	2.079055622	6.908674296	2.029230155	2.598398333
Gene653	-0.409434778	-0.819486156	-0.589884802	-1.625856032
Gene654	0.805969316	2.359282901	0.634640426	1.003553185
Gene655	1.597990209	5.51304978	1.528033138	4.37316963
Gene656	3.759877626	12.29826994	3.714626745	2.89281438
Gene657	3.543274907	11.77832311	3.516556225	5.110221908
Gene658	0.826318501	2.178629666	0.862262711	3.125110881
Gene659	2.362671333	9.234161029	2.940614063	4.838664347
Gene660	-0.848120415	-2.755661111	-1.055781573	-3.048372383
Gene661	3.736075097	12.51879401	3.620697338	5.130784915
Gene662	4.307887922	14.37650008	4.304621872	6.248303254
Gene663	2.848452617	9.476707412	2.865214798	3.720647685
Gene664	-0.386275482	-1.044593458	-0.309162333	-0.434140148
Gene665	-1.108346983	-4.758315049	-1.160866707	-0.391437913
Gene666	4.018733067	13.01796387	3.876362178	5.841767214
Gene667	2.266556282	7.607041587	2.233227214	3.403468553
Gene668	3.303799624	10.95844939	3.336669024	4.735818943
Gene669	4.61526131	15.39576805	4.595163274	6.284777015
Gene670	-2.35731628	-8.652192897	-4.167926992	-8.152886989
Gene671	4.324500547	14.38470366	4.294190512	6.47373639
Gene672	1.761689062	5.69373341	1.618115801	2.831586887
Gene673	-0.358874315	-1.108468355	-0.188552955	-1.869280818
Gene674	-0.682292405	-1.73653545	-0.512709036	1.981810369
Gene675	-1.564677041	-4.450658357	-1.591938484	-1.361292947
Gene676	-1.080315265	-3.528901404	-1.26534688	-2.099328749
Gene677	1.136586002	3.945471209	0.911929946	1.607715165
Gene678	1.879443169	6.510335995	1.88730443	2.936898867
Gene679	0.96905742	2.607023424	0.925745561	1.104001217
Gene680	-1.524830618	-4.932288143	-2.100807881	-2.612836167
Gene681	0.068948774	0.574925382	0.066790847	-0.076091532
Gene682	0.414409663	0.915045837	0.344183657	0.341382649
Gene683	1.985575515	6.98293252	2.084391442	3.223586468
Gene684	1.274733487	4.249630985	1.387384856	2.248608151
Gene685	2.563810254	8.487206462	2.642685217	4.141845227
Gene686	-1.01655335	-4.962596011	-1.677969815	-3.704181478
Gene687	1.20721965	3.838899876	1.263858487	-1.873390325
Gene688	-0.037172322	-1.334717398	-0.013484118	1.519763355
Gene689	0.530582857	1.733319438	0.503678662	-0.042710855
Gene690	2.553184227	8.456490636	2.507678065	3.520591599
Gene691	-1.933815685	-8.77572444	-1.737873135	-3.042287744
Gene692	3.166020525	10.53076456	3.181425943	4.568971402
Gene693	1.560497533	5.314152569	1.614508078	3.369568484
Gene694	2.023774732	6.644978124	2.113606031	4.073147065
Gene695	2.73852227	8.883601139	2.748733677	4.599567267
Gene696	2.170391451	7.395766877	2.214410081	2.580888281
Gene697	-2.109567807	-6.369882656	-2.605253434	-0.112539809
Gene698	-0.46740531	-1.456085605	-0.754123038	0.272262224
Gene699	1.889387043	5.700160603	1.905778442	2.713240229
Gene700	0.871999308	3.642124392	1.075849542	0.857124098
Gene701	1.063392674	3.440728351	0.959697161	1.120609425
Gene702	-3.200348815	-10.60687396	-3.443215717	-5.001556956
Gene703	-2.945190273	-10.8793634	-3.308514742	-5.362628548
Gene704	-2.172845257	-8.306954931	-2.626018275	-2.073208145
Gene705	1.033792	2.557299803	0.873563506	1.671912028
Gene706	1.984723734	7.004823535	2.202118493	3.297808744
Gene707	4.278215953	14.30918923	4.276141852	6.857515191
Gene708	0.150486321	0.890498168	0.160772315	2.447272065
Gene709	-0.925503752	-1.578632931	-0.526019723	-4.318765013
Gene710	2.704811213	8.840323071	2.730587422	3.252438753
Gene711	2.876321854	9.745932773	2.896435273	6.730563132
Gene712	-1.382717916	-4.385065398	-1.862981807	0.889684459
Gene713	-0.103726603	-0.06476131	-0.127603539	-0.740696914
Gene714	1.89051127	6.471857712	1.812314486	2.744682736
Gene715	2.874378973	8.836094396	2.740840445	4.963852168
Gene716	1.539142951	5.273173659	1.347337565	3.251961016
Gene717	2.679517037	8.727721417	2.552969885	3.635772615
Gene718	2.258884068	7.709001925	2.295609205	3.120355729
Gene719	3.395189587	11.4137195	3.368403203	4.598213094
Gene720	3.205111594	10.51860482	3.140330339	3.28217242
Gene721	4.761142127	16.15068748	4.814660077	7.80873565
Gene722	-2.516340315	-7.796416913	-2.550805584	-3.854726788
Gene723	2.146307709	7.115555794	2.170592548	4.583578002
Gene724	-0.3198327	-1.059829918	-0.010851964	-0.028856563
Gene725	1.143461001	4.105193127	1.285661596	1.362623291
Gene726	3.697653276	12.62459942	3.837962274	5.884611657
Gene727	0.391943015	1.443082146	0.470767753	0.42259004
Gene728	4.964844706	16.78016445	4.938551987	6.489489315
Gene729	2.008414518	6.234932587	1.936903926	3.620170296
Gene730	4.024758967	13.35285266	4.028467963	5.932019187
Gene731	-2.448923148	-6.106023837	-2.15514153	-2.643093697
Gene732	-3.234436974	-8.619226474	-2.502244335	-4.142011452
Gene733	0.175955564	-0.822848482	-0.240362917	0.70735507
Gene734	3.222067727	10.68511932	3.146136934	4.412876832
Gene735	5.91211807	19.69859375	5.918795918	8.171900752
Gene736	1.307246202	4.352777119	1.354310008	1.709674285
Gene737	-1.891275928	-5.160861741	-2.122474295	-2.709809798
Gene738	-1.03395578	-3.592909168	-1.17629593	-1.202028698
Gene739	-0.092070202	0	-0.035769164	-1.996575641
Gene740	1.60836248	4.30192014	1.247329185	1.558163577
Gene741	-1.511310527	-3.479691749	-1.361885117	-0.871982332
Gene742	-0.562306539	-2.175845095	-0.615403881	-2.451720191
Gene743	4.134615198	13.93554821	4.151226838	5.88769734
Gene744	2.036442063	7.09042819	2.216505786	3.17112792
Gene745	1.763793305	5.944022826	1.879036143	2.83512945
Gene746	3.480111598	11.54609557	3.428916621	5.484402254
Gene747	0.971042376	2.652481054	0.737191512	2.031930953
Gene748	-1.333632255	-3.300219056	-1.164502847	-2.173327512
Gene749	-1.631141255	-6.440757038	-1.891850493	-4.803069766
Gene750	1.230596809	3.625539453	1.140215381	2.010743693
Gene751	1.213791055	1.277860384	0.483014956	0.593453736
Gene752	4.778000531	15.92685051	4.641318468	7.029243372
Gene753	-1.722116384	-5.549110434	-1.868723126	-4.722302591
Gene754	1.391373218	5.959333947	1.658210032	1.921003256
Gene755	4.49890283	15.02215705	4.492229775	6.412228528
Gene756	3.095482328	10.42939734	3.072556344	4.336723334
Gene757	2.859488416	9.633312003	2.883727699	3.838873812
Gene758	3.397497457	11.06653767	3.388675221	4.553261726
Gene759	2.932625865	9.705806177	2.969800801	4.43049776
Gene760	4.260089734	13.98098612	4.227112881	6.237129122
Gene761	1.320174463	4.01697534	1.262343531	2.20787125
Gene762	-1.286693983	-4.073759888	-1.474840501	-2.051379134
Gene763	-1.342509062	-4.648482501	-1.358575122	-1.978132783
Gene764	2.91895587	9.7622436	2.930134769	4.49753354
Gene765	4.258960472	14.26580467	4.32305219	6.236504312
Gene766	2.927770415	9.951059193	2.679657161	4.831723572
Gene767	3.843589059	13.08714189	3.825245618	6.083080357
Gene768	1.335695637	4.147843903	1.360966166	2.132108576
Gene769	1.725418715	5.771360001	1.653669785	2.116778046
Gene770	3.98513043	12.90101269	3.93877584	5.53285608
Gene771	2.60609524	8.36463281	2.412308277	3.452660557
Gene772	3.36683385	10.97596708	3.25318237	5.152591907
Gene773	4.059933489	13.44860212	4.047841762	5.874123238
Gene774	-1.030281083	-4.79775409	-1.249951	-1.098717452
Gene775	0.761928734	2.782248344	0.668153983	2.209287366
Gene776	1.40742198	4.649720576	1.380508601	1.699825574
Gene777	3.433049713	11.62710124	3.350739793	4.817744924
Gene778	-0.720301205	-2.693638965	-1.32931745	0.305969824
Gene779	-0.408936843	-0.876752242	-0.211196878	-2.309711542
Gene780	4.783042345	16.41535597	4.752297982	6.890772518
Gene781	3.266242337	10.76088436	3.280335613	5.020499525
Gene782	3.607143222	12.08085978	3.586836787	5.268256663
Gene783	2.974099342	10.03888036	2.9196855	3.976106949
Gene784	2.789846753	9.388531809	2.566428848	3.096212915
Gene785	2.77182363	9.202235085	2.643521843	2.822320278
Gene786	0.307793895	1.90247367	0.606683277	0.396610578
Gene787	-2.684631561	-4.793866808	-1.555192583	2.25168707
Gene788	-0.415053705	-1.386521673	-1.064267866	2.39106457
Gene789	-1.364000358	-3.998551271	-1.165214903	-2.403445641
Gene790	-1.674380734	-4.951172787	-1.993079363	-2.598497791
Gene791	1.932640774	6.8682733	1.985110903	2.554134643
Gene792	1.341513073	5.466507238	1.511309145	3.007463898
Gene793	2.139096217	6.938369341	2.119821776	2.312479677
Gene794	-0.8631973	-1.507868817	-0.834668172	-1.058099907
Gene795	-0.882693539	-4.560939274	-1.179903667	-1.717490949
Gene796	0.792398233	2.506388466	0.771180588	0.601014112
Gene797	1.131176269	3.798575326	1.073708405	1.165689923
Gene798	-2.386349623	-7.880179485	-2.270326095	-2.260152609
Gene799	0.867668672	3.249243686	0.809417663	0.920275469
Gene800	-0.057427569	-1.480438576	-0.312907522	0.113075114
Gene801	5.976008375	20.09125947	5.974378112	7.594000115
Gene802	-0.337848446	0.07900754	-0.101869034	-0.962052869
Gene803	3.797321976	13.02121133	3.805702335	5.125015104
Gene804	3.715926041	12.03953438	3.54456969	5.861629219
Gene805	-0.423352334	-1.587158181	-0.413105716	-0.652899525
Gene806	-0.214318507	-0.297969548	-0.086008102	0.428469451
Gene807	3.137969186	10.62742883	3.139934489	4.921658416
Gene808	3.710917374	12.51166989	3.685915403	5.389141372
Gene809	3.582696383	11.73768211	3.420834566	3.907919351
Gene810	4.234567335	14.10453035	4.173746785	6.137006874
Gene811	2.282654578	8.059696957	2.215237483	3.57581779
Gene812	3.334169207	10.76818469	3.397938408	4.736668473
Gene813	3.032621952	10.19252352	3.047313	4.404325421
Gene814	4.253862954	14.28566419	4.228123107	6.136703298
Gene815	3.394496185	11.11042301	3.282741172	5.072124816
Gene816	1.930423987	6.474635104	1.9068466	2.525412208
Gene817	3.833086693	12.89870442	3.934389868	6.286124242
Gene818	4.725742112	15.71619262	4.704109945	6.697380418
Gene819	2.78679461	9.32083486	2.755319503	3.926584599
Gene820	1.781235948	6.380377106	1.743178354	3.079060069
Gene821	1.616167505	6.035304561	1.736388091	1.913821853
Gene822	-0.637613084	0.268915141	0.955936533	2.513087639
Gene823	0.722839227	2.839782606	0.865182421	1.393704603
Gene824	1.423681956	4.951717426	1.625035172	2.694378834
Gene825	1.107147035	4.350777669	1.156378856	0.841145115
Gene826	-0.485535377	-2.529045057	-0.457447061	-1.210957778
Gene827	0.795388516	2.093855662	0.68364168	-0.86252981
Gene828	-2.228863042	-7.246466027	-2.949976365	-2.337489325
Gene829	0.392036129	2.075847601	0.304121616	-0.515569781
Gene830	-1.858836762	-7.47074519	-2.102774809	-0.395237864
Gene831	0.794766277	2.207525024	0.885816302	2.821849907
Gene832	0.761993053	2.745019749	0.653578826	1.016517829
Gene833	2.513806908	8.443114014	2.507880279	3.402040697
Gene834	-2.253026158	-8.426954614	-2.519235893	-6.867375449
Gene835	0.820511916	2.359737251	0.78492424	0.279920658
Gene836	2.320313681	7.904017808	2.284401455	4.528541934
Gene837	2.123197163	6.852081034	2.019479031	3.984671462
Gene838	3.258696326	10.89166223	3.243489077	4.270993824
Gene839	2.815833092	9.468101787	2.670021354	4.485441467
Gene840	3.696149567	12.08012191	3.618176151	5.503370086
Gene841	3.188942683	11.11321867	3.515313507	5.330644098
Gene842	2.357167125	7.577544961	2.385296928	2.755018795
Gene843	2.888130735	9.365007835	2.909482053	4.004676823
Gene844	5.290042679	17.45228633	5.094933782	8.253667971
Gene845	1.087694121	3.569758013	1.199388885	3.366357335
Gene846	2.641169371	8.850709317	2.679477902	3.299097733
Gene847	-0.929614969	-2.80727916	-0.283470332	-1.375989413
Gene848	1.837113127	5.819014593	1.697141598	3.278339803
Gene849	-2.385016925	-10.97997311	-3.262496707	-1.07135652
Gene850	-1.578075132	-4.400911385	-1.578926438	-1.771045251
Gene851	3.734924254	12.34073774	3.781788375	5.622144022
Gene852	1.044564972	3.468533549	0.99015787	1.36970756
Gene853	0.877859036	3.788972364	1.087764728	1.340573288
Gene854	1.946449399	6.288831862	1.904728593	1.703737832
Gene855	-2.46471177	-10.15759165	-2.517371426	-3.340179591
Gene856	0.957540372	3.381571378	1.013761748	1.951269982
Gene857	1.346400949	4.581720457	1.386993198	2.375308317
Gene858	-1.470553494	-5.755138869	-1.543197236	-2.848248515
Gene859	0.515719373	1.645269768	0.552453785	0.252782222
Gene860	2.372575152	7.93862212	2.356260917	4.916256947
Gene861	-0.939262305	-3.050224377	-1.054580462	-2.615948848
Gene862	3.117195493	10.38551835	3.102711779	3.77414241
Gene863	-0.695243965	-1.592506847	-0.354610633	-3.892851924
Gene864	1.019924479	3.443519331	1.158514381	0.230899139
Gene865	3.984976714	13.54270899	4.080365866	6.816071411
Gene866	1.527843732	5.372162173	1.568019016	2.316516007
Gene867	-2.423565071	-5.996129994	-1.621188526	-2.152441586
Gene868	1.609244971	5.199668397	1.464176681	1.668930749
Gene869	1.069086099	3.683458347	1.132160971	1.691500036
Gene870	-0.296484897	-1.342847315	-0.378152662	-0.192142983
Gene871	4.637400644	15.68247238	4.673829359	6.781807076
Gene872	0.386340236	1.379070517	0.701876884	1.149997912
Gene873	2.040515681	6.743619663	2.13314523	2.16818081
Gene874	4.401381846	14.63378017	4.449260456	6.274232447
Gene875	-0.651051606	-2.863081564	-0.717363616	-2.783343382
Gene876	1.621545991	5.223516989	1.547183496	1.751827334
Gene877	0.533173531	1.801960885	0.474758474	0.734862296
Gene878	2.33111266	7.993679982	2.256032098	4.081773976
Gene879	3.294439499	10.67875835	3.203641924	4.837076587
Gene880	-0.477861563	-1.651612974	-0.639458972	-0.738883112
Gene881	2.01127686	6.483085292	1.921854347	2.930065728
Gene882	3.201079782	10.84602607	3.235193249	3.963491015
Gene883	-0.128363422	-0.813360112	0.265879119	-1.199037187
Gene884	0.491569644	2.243236695	0.722961326	1.868063531
Gene885	2.425901609	7.956680491	2.393527328	3.874959934
Gene886	0.137588305	1.229428784	0.060636151	1.638848359
Gene887	0.607027359	1.995232832	0.63961556	1.180227738
Gene888	1.301637872	3.997158346	1.314924684	0.87131029
Gene889	0.404711508	1.214408705	0.319618386	-0.45448019
Gene890	1.380067041	2.334426735	0.917740111	1.465253396
Gene891	3.250131761	11.12536078	3.123453263	4.253621975
Gene892	1.514083635	5.083119508	1.696207522	2.361680709
Gene893	1.177144396	4.51956079	1.262750208	1.338194105
Gene894	4.500877829	15.15076678	4.542832328	6.582060024
Gene895	-0.817070875	-2.581344217	-0.717336842	-0.581311933
Gene896	1.668667332	4.642971198	1.602211983	1.035666051
Gene897	-1.020445444	-4.410940088	-0.999518673	-0.691153274
Gene898	2.728851708	8.918712702	2.717815637	3.596598582
Gene899	3.461690138	11.89449548	3.375176504	4.373366378
Gene900	1.909248484	6.79967083	1.969608679	3.610190589
Gene901	-0.023324144	0.286224145	0.189052285	0.043169993
Gene902	4.57004097	15.56281558	4.567326825	6.150363934
Gene903	2.73199594	9.080771971	2.697774886	4.151912379
Gene904	2.580553343	8.545423189	2.473365352	4.031724795
Gene905	-0.860815297	-1.836612304	-0.598073421	-0.566060134
Gene906	1.741583437	5.964807212	1.865614471	3.059631995
Gene907	4.069491168	13.40442091	4.05189459	6.519754979
Gene908	2.665619992	8.942757352	2.617541466	3.723320428
Gene909	3.588426401	11.83029372	3.513135026	5.026493921
Gene910	4.075921757	13.54294691	4.002332695	5.88054754
Gene911	1.56977393	5.668657709	1.715806688	2.353345992
Gene912	3.230983903	11.20226423	3.387395348	4.428033772
Gene913	1.71262431	5.771768112	1.684881554	2.146242339
Gene914	-3.509244035	-10.86961165	-2.291177626	-2.672463469
Gene915	0.519824806	1.154946796	0.369605655	-0.576637409
Gene916	3.524448928	11.64059995	3.552613335	4.699617974
Gene917	3.781557918	12.69467952	3.766368841	4.6194006
Gene918	3.97182372	12.90110883	3.833901469	5.789916698
Gene919	1.315378291	4.242278183	1.242739087	1.963678548
Gene920	0.705432229	1.783110185	0.723214957	0.272050192
Gene921	3.90174548	12.98634507	3.860089226	4.897023705
Gene922	4.205297941	14.25294761	4.243361713	6.949919288
Gene923	-1.189263236	-3.868457124	-0.971270878	-1.793986486
Gene924	-0.302769783	-1.932945694	-0.422731003	-0.472659232
Gene925	3.096977841	10.36480097	3.045138883	4.65300042
Gene926	2.975365878	9.774792983	2.895857864	4.316835334
Gene927	1.074276749	3.293138077	0.430299322	-1.244840078
Gene928	-0.987650688	-2.757980539	-0.910609712	-1.592939015
Gene929	0.173270782	0.786200316	0.245070757	0.350322404
Gene930	1.147449698	3.452369328	0.805454723	1.799189158
Gene931	-0.665289469	-0.58046226	-0.766701469	-2.104859052
Gene932	2.685830368	9.300509593	2.717470512	3.978156655
Gene933	2.078486809	6.826008681	2.087490962	2.779384842
Gene934	2.521486387	11.26661874	3.174346845	4.578867884
Gene935	-0.877609712	-4.95198744	-0.841738116	-3.379817606
Gene936	-0.701838795	-1.036718074	-0.457653544	-1.862477516
Gene937	0.410395425	1.583339688	0.421765391	2.609821048
Gene938	2.091862701	6.924248078	2.017256654	3.522535572
Gene939	1.785820988	5.728145106	1.791794314	3.49835264
Gene940	1.237416749	4.045591362	1.209692801	2.106782007
Gene941	-0.270504184	-2.400688498	-0.477129534	-1.236742613
Gene942	0.628351396	1.723986209	0.633947473	1.166941558
Gene943	-2.625629535	-9.81720432	-2.498374881	-3.723595095
Gene944	-3.215271927	-12.95760375	-4.881604156	-4.09328458
Gene945	-0.662987048	-1.691275592	-0.616395717	-0.372790748
Gene946	-0.070945657	-0.089345297	0.306432642	0.333698131
Gene947	2.319148731	5.993338057	2.288451791	3.429438634
Gene948	2.783733122	9.101576165	2.73390361	4.804077738
Gene949	1.574066028	5.58313593	1.6601744	2.117220772
Gene950	4.609693619	15.36212036	4.62376044	6.68437116
Gene951	0.557613691	2.39970386	0.681660958	2.373257124
Gene952	-1.240477918	-2.982304115	-1.376580688	-1.93029548
Gene953	2.056205552	6.870093686	1.975334666	2.882192663
Gene954	-0.760165531	-2.134302209	-0.523325732	-0.243880938
Gene955	0.173259194	0.419845728	0.165401259	0.305673645
Gene956	1.029617449	4.715576956	1.348288136	1.94338762
Gene957	2.470371379	7.665586868	2.241748111	3.998879958
Gene958	3.079642901	10.5779998	3.107280404	4.741447757
Gene959	2.102489937	6.576317824	2.020830875	3.689222469
Gene960	3.08419411	10.34540307	2.987215664	4.393106076
Gene961	1.367473778	6.146474176	1.883238457	3.060057031
Gene962	0.691657813	2.33694358	0.654801569	0.317328487
Gene963	3.737848089	12.10353102	3.72400637	6.310331946
Gene964	1.132686843	3.583004317	0.927297633	1.792058563
Gene965	1.544127403	5.821588595	1.629911853	1.876350702
Gene966	1.561654572	5.502713854	1.414363057	2.546174249
Gene967	-1.275579449	-3.623533508	-1.159407613	-3.46975892
Gene968	1.828095615	5.503775425	1.867998503	3.063994691
Gene969	1.298521026	3.900561839	1.301254148	2.412521754
Gene970	1.543273847	5.215811415	1.482472522	2.571009636
Gene971	-2.97770589	-9.319941637	-2.863845397	-4.39480363
Gene972	1.915071925	5.934475836	1.766207881	1.73273038
Gene973	0.982509023	2.652064908	0.784029759	1.185921284
Gene974	-1.696083554	-2.779777485	-1.27385836	-0.199529459
Gene975	0.543869681	1.827641134	0.431573154	-0.364571804
Gene976	-0.323653742	-1.206536712	-0.132410131	-1.249218428
Gene977	3.922823253	13.41135779	3.988847076	6.253143057
Gene978	4.110682279	13.79532212	4.084861048	6.414828685
Gene979	2.995208489	10.78219299	3.2492859	5.104674386
Gene980	3.525666411	11.92465691	3.522245205	5.280234282
Gene981	1.572151167	5.423385533	1.586666254	1.526669595
Gene982	2.177443998	7.487114408	2.120840928	3.107097837
Gene983	0.938530829	3.182298917	0.959146486	0.600040719
Gene984	-1.83007661	-5.705233114	-1.977665171	-3.166532338
Gene985	3.153212209	10.48781168	3.151518716	4.13943282
Gene986	0.665015675	1.835359959	0.524078759	1.397571692
Gene987	1.251864885	5.10083381	1.525734123	1.883661592
Gene988	1.914381401	6.410094784	1.883993399	2.860451212
Gene989	0.772103845	3.247677721	0.894294112	1.154714367
Gene990	2.635357405	8.96005054	2.599838483	3.83268011
Gene991	-2.749400288	-8.660051957	-2.639580148	-0.632775096
Gene992	1.906057711	5.82335707	1.749786559	1.699767105
Gene993	4.270080523	14.25384473	4.210731365	5.884036875
Gene994	1.80431672	6.172122873	1.805764525	2.752760238
Gene995	3.719741306	12.22689312	3.955028974	5.082706002
Gene996	-0.117471307	-0.384338238	-0.398459689	-0.429079816
Gene997	-2.314116434	-7.382845135	-2.74336579	-3.740820839
Gene998	0.241819352	-0.59349396	3.92E-05	-0.844758003
Gene999	1.914259495	6.551606332	1.802968824	2.151313646
Gene1000	-1.500130287	-6.017091777	-2.328007112	-0.752045673